1'000'000'000 nombres

Temps d'exécution	Nombre de fils		Speedup			Efficacité
16,777986			1					1				1
8,115799			2					2,067323994		1,033661997
6,015212			3					2,789259298		0,929753099
4,765035			4					3,52106249		0,880265622
4,505112			5					3,72421063		0,744842126
4,596752			6					3,649965454		0,608327576

-------------------------------------------------------------------

  500'000'000 nombres

Temps d'exécution	Nombre de fils		Speedup			Efficacité
7,625479			1					1				1
3,524735			2					2,163419094		1,081709547
2,877975			3					2,649598763		0,883199588
2,199456			4					3,466984109		0,866746027
2,4658				5					3,092496958		0,618499392
2,432473			6					3,134866862		0,52247781

-------------------------------------------------------------------

  333'333'333 nombres

Temps d'exécution	Nombre de fils		Speedup			Efficacité
5,022416			1					1				1
2,295022			2					2,18839558		1,09419779
1,723167			3					2,914642632		0,971547544
1,408028			4					3,566985884		0,891746471
1,609171			5					3,12112013		0,624224026
1,603027			6					3,133082599		0,522180433

-------------------------------------------------------------------

  250'000'000 nombres

Temps d'exécution	Nombre de fils		Speedup			Efficacité
3,752694			1					1				1
1,717787			2					2,184609617		1,092304808
1,376726			3					2,725810365		0,908603455
1,275599			4					2,941907292		0,735476823
1,079926			5					3,474954765		0,694990953
1,170251			6					3,206742827		0,534457138

-------------------------------------------------------------------

  200'000'000 nombres

Temps d'exécution	Nombre de fils		Speedup			Efficacité
2,986057			1					1				1
1,36723				2					2,184019514		1,092009757
1,079777			3					2,765438604		0,921812868
0,843836			4					3,538669836		0,884667459
0,849093			5					3,516760826		0,703352165
0,929155			6					3,213733984		0,535622331
